f1 = 0.8038017651052275
loss = 0.19167212237204825
precision = 0.7738562091503268
recall = 0.8361581920903954
