f1 = 0.6245662734212353
loss = 0.1959376803466252
precision = 0.6008010680907877
recall = 0.6502890173410405
