f1 = 0.8625525946704068
loss = 0.22237267158925533
precision = 0.8447802197802198
recall = 0.8810888252148997
